74.096458
73.376083
73.96077
73.61293
74.797081
76.385834
76.55851
78.194138
77.138275
76.807693
77.769829
78.630806
78.097931
78.376701
78.754158
78.527199
76.218079
78.374237
80.014801
79.898842
76.356239
76.146523
78.660431
79.301842
80.229424
79.138893
79.514771
79.035034
80.911934
80.335754
80.355545
78.884186
80.026642
79.205658
77.412834
73.735695
71.238106
72.368202
67.637627
67.598068
73.891487
71.544739
74.863319
72.434967
71.473038
65.820068
70.560532
68.10994
61.383766
68.738052
59.895111
62.528698
60.998001
60.530624
56.687809
55.483528
61.049934
60.713623
63.908558
61.262604
63.010906
62.882324
59.573635
60.567726
59.697285
64.905113
64.153366
65.795349
66.270126
67.570862
70.983398
70.335518
70.894386
69.932442
68.480865
66.364105
68.275627
68.011024
69.97448
70.023949
68.888901
71.151558
72.65258
71.482918
72.494324
73.582382
74.341545
75.110603
76.898361
78.108383
77.215752
76.283432
76.752068
76.298317
78.095985
77.644714
79.15477
78.564621
79.070457
78.534866
78.877052
78.911758
78.834892
79.804398
80.173851
80.615204
79.920929
82.197174
82.683151
85.294113
87.488525
83.288162
84.007233
85.046173
87.300079
87.178589
87.21331
86.714912
88.983696
90.883034
89.27877
90.463997
87.684418
89.705246
90.454071
90.28299
90.28299
92.698074
92.410446
94.562691
94.969337
95.135475
94.696587
96.263672
96.925705
95.733032
95.539635
97.553032
96.206642
96.476921
92.085617
91.857498
94.034546
92.489792
94.262665
95.403259
105.3909
108.046509
108.768044
109.162292
112.970901
110.402405
112.007095
108.67601
112.287781
114.275002
114.173157
113.875076
114.823975
114.96804
117.519135
123.575188
125.053177
124.027283
125.713928
124.211098
124.009895
128.215347
133.322495
130.560257
120.107483
120.186974
112.098999
116.570236
112.764717
111.284241
114.622772
114.80162
111.413406
109.63485
106.157219
109.376511
111.095459
106.435425
107.528397
111.562447
114.225319
113.360886
115.069885
116.043625
112.297714
115.755486
112.436829
114.344551
114.23526
116.222473
123.604988
120.326088
120.415512
119.938576
118.259369
115.238808
116.759033
116.123123
115.010277
114.30481
114.314743
115.854836
110.489349
114.583015
108.164307
108.074875
109.734215
114.215385
118.26931
118.134956
115.776031
115.427666
118.931206
118.652512
118.702286
119.737419
118.831665
117.478027
118.085182
116.791252
113.317581
114.631409
115.487381
116.044762
118.493271
122.146095
122.504417
122.365074
121.678299
123.17128
123.79834
121.210495
122.663666
121.837555
121.210495
127.281967
127.212296
128.098129
126.06768
127.630333
131.26326
130.347565
131.352829
136.050781
134.239273
133.094666
132.069473
