157.903473
155.937286
156.340363
154.914886
157.382431
159.348602
158.611313
160.518463
159.387939
160.420166
163.359604
164.27388
163.684036
162.897568
163.900299
162.248703
159.535416
162.661621
165.197983
169.857819
167.350937
171.430771
177.073654
176.857376
180.524307
180.779907
185.50856
181.320618
181.58606
180.602966
182.21524
184.063416
184.615463
181.796158
176.049072
168.458649
165.678772
167.748886
155.929474
159.704987
170.331619
162.169418
168.123459
163.904373
159.271271
148.477036
158.630493
151.444229
137.081512
156.570221
133.493286
144.48468
138.402435
140.679611
135.395828
134.045334
146.229477
144.829666
153.888947
147.570129
157.950317
155.466171
149.945847
153.05101
151.641373
162.918594
161.16394
162.780609
162.790451
163.155197
171.228668
169.43457
174.521133
176.058975
172.569305
165.432358
171.051224
168.981094
172.066559
171.5737
167.393997
174.905609
176.660278
172.086304
176.295532
178.188217
179.942902
180.987839
182.052444
184.083145
179.9133
177.192581
177.961472
180.554077
182.279175
181.01738
183.528229
181.323837
181.402908
179.485184
179.722427
179.317154
181.145889
180.730713
182.786835
183.231674
180.819687
185.050537
186.19722
187.620682
194.579865
184.131226
185.584366
186.770569
191.347397
192.009705
194.065857
192.909256
198.267014
199.591644
195.56839
198.039673
194.075699
196.161484
201.173279
202.349594
203.891678
208.280701
205.858841
210.386261
211.859161
211.216614
204.692413
205.957718
205.651245
201.578583
200.550507
209.170395
206.353104
209.318649
200.214417
198.988663
201.509369
199.700378
201.716965
201.558792
202.656036
214.05365
210.840973
210.49501
213.865845
210.040268
205.858841
201.044769
206.788055
206.303665
206.501373
207.86554
209.061646
207.793274
212.628922
211.083099
211.747009
214.50174
219.13916
224.519806
226.828613
223.47934
225.203552
229.543701
215.324188
212.301926
200.817322
209.36882
203.50264
202.174866
203.542282
206.881653
203.185562
201.065018
198.567932
200.698395
205.534012
198.766113
201.342468
205.930389
207.535645
205.375473
208.417557
210.528214
204.315216
208.467102
204.03775
207.922104
208.665283
213.847733
219.386902
220.833618
218.851807
217.66272
217.66272
212.272202
212.698257
212.846924
212.936081
214.263916
208.16983
211.31102
200.837128
202.858551
200.629028
200.490295
204.553024
214.422455
221.25972
221.685806
216.404266
209.091385
214.581009
213.481094
214.541367
215.254822
212.510025
209.708328
211.039627
209.022812
208.744629
212.470276
212.480209
213.83136
212.678909
214.805008
213.970444
212.847809
212.967026
212.897461
214.606293
210.42366
209.151962
211.874161
212.80806
212.73851
217.855042
217.994141
217.169525
221.143524
222.484772
219.58374
221.30249
223.498138
222.69339
220.239456
220.97464
