52.212727
52.028839
52.299835
52.415958
52.620106
52.863129
52.931179
53.057552
53.34919
53.232529
53.883839
53.592213
53.679699
53.193649
53.446384
52.561779
51.220264
51.968792
51.716049
51.822975
50.986965
51.609116
52.532623
53.213085
53.183922
53.193649
53.456116
53.611656
54.175472
53.767189
53.922729
53.903282
53.893559
53.961609
53.154762
51.181389
49.538528
50.598122
49.363544
48.080368
49.480198
47.487377
49.130241
46.661091
46.048668
44.726597
47.224918
43.472588
38.689819
46.593044
41.528378
45.552883
45.951454
43.81282
44.376644
42.957367
46.505558
44.658558
49.071915
48.440048
48.955265
46.981888
47.351288
48.410889
48.022045
50.053741
49.344101
50.916634
51.942188
51.73708
52.743103
51.922657
52.450092
53.348671
52.655201
50.115719
51.053375
50.760357
51.776146
52.127769
51.961727
52.6259
51.73708
50.584549
50.545475
50.838493
50.652916
51.375694
52.323112
52.284042
51.053375
50.447803
51.678478
51.68824
51.912891
51.121742
51.668716
51.004539
51.395229
51.551498
51.961727
52.371952
52.518459
51.824986
52.039864
52.24498
51.619873
52.723568
53.817501
52.918915
52.850544
50.115719
50.652916
52.010563
53.319374
50.320827
52.440319
53.133797
53.83704
53.905407
53.172867
53.260765
52.918915
53.485413
53.983547
54.198425
54.637955
55.282585
54.999344
55.34119
56.190941
56.054203
55.683041
56.104809
55.535919
54.751236
53.848854
54.339279
54.839512
54.937595
54.692383
54.584492
54.280422
54.290237
54.633537
54.19215
54.388321
54.908173
54.927788
54.437363
54.221569
54.172535
53.888081
53.230911
53.132828
52.985703
53.162258
52.956276
54.123489
55.123962
54.20195
54.133297
54.937595
55.016068
56.389259
56.085194
56.771801
56.124428
56.556004
57.899773
56.006725
54.662956
54.260807
55.859604
56.232327
55.908642
58.321545
59.773205
59.272972
59.02776
58.605988
59.655502
59.459335
57.831116
58.164604
58.655037
58.439243
58.331356
58.556953
58.537334
57.703609
58.419628
58.370583
59.670551
59.966003
60.222057
60.527348
60.044788
60.034943
59.601612
59.375103
58.715267
58.8433
58.764511
58.78421
58.991028
56.617596
56.213821
54.746433
55.169903
55.258537
55.593376
55.938065
55.632774
55.80019
55.938065
55.977463
55.810036
56.331993
55.593376
56.046394
56.282757
56.253208
55.396412
55.593376
54.854759
55.228992
56.696381
56.538811
56.883499
56.844105
57.848629
58.183468
58.370583
59.050114
58.89254
58.13422
58.823601
58.5774
59.69025
59.837971
60.921284
61.827324
62.644722
64.072716
63.50153
64.161354
64.309082
63.974239
63.885612
63.481827
63.422733
63.708332
