85.231827
83.62693
83.136818
85.500908
85.251038
86.404266
86.740601
87.42292
87.0289
86.173599
88.210938
92.170303
90.853706
89.344933
88.412758
86.154381
83.655762
85.673882
84.789749
84.3573
81.983612
83.107986
85.462463
87.365265
87.07695
84.011322
85.145332
86.490746
88.143669
86.519569
86.106331
84.597549
87.0289
85.981415
83.636543
80.071198
77.092087
76.553909
72.978966
75.246941
77.418831
75.496811
79.235809
76.688248
75.041542
70.362946
76.417023
72.280884
64.919113
73.433571
62.458744
66.701447
59.271873
62.96244
59.000648
60.569862
63.408016
61.102627
66.817688
64.502594
66.866096
65.529366
63.834221
65.887764
63.185234
68.725922
70.450134
71.031326
69.336174
71.002251
75.119041
73.607918
74.440979
73.782288
71.980591
69.588013
72.338989
71.496269
73.656364
73.598251
72.929878
76.494514
76.203918
73.268906
73.307648
75.196526
76.397644
76.35891
78.034668
77.957184
75.961761
75.554924
77.366302
73.394836
77.434105
75.642097
78.102478
75.554924
76.232971
75.574287
76.804489
75.661469
78.344635
77.230698
81.977089
82.103996
83.987968
86.438103
89.190842
87.609474
88.839432
82.016129
83.207031
84.329613
87.384964
87.794945
87.775421
86.691895
87.004257
87.219017
87.014023
86.838318
85.920731
86.887123
89.03466
87.638763
89.678925
90.70388
89.942482
91.299324
91.026001
90.303658
89.151802
90.176758
90.342697
89.024887
90.030342
90.947914
90.108414
90.391502
87.53138
86.769989
90.48912
89.268929
90.811249
104.633537
103.091217
106.976295
108.303864
108.733368
108.41124
105.668251
103.823334
106.234428
113.028435
110.705193
111.027321
109.504532
109.358093
108.391716
108.020782
110.30497
113.145569
113.184624
113.272476
113.252937
115.380936
116.259483
119.10009
120.886192
114.261887
113.810448
107.725906
111.896759
110.346184
111.30793
111.347191
114.409096
112.426704
112.740753
108.628784
109.835861
111.700493
108.511002
110.100838
112.367828
116.263893
115.194199
115.488602
117.294334
113.319763
118.275726
117.313972
120.738976
120.061821
122.544724
124.330833
125.086487
127.461426
126.185638
126.627258
126.02861
125.910851
126.156197
125.989357
126.480049
123.849953
123.565353
119.315987
124.08548
121.062836
121.661484
123.113914
126.568382
142.702225
142.309677
139.954376
137.500916
144.939789
141.230148
141.573639
146.294083
145.97023
144.311691
144.782745
143.310684
141.14183
143.21254
141.396988
141.151657
144.429474
148.443283
147.822357
147.753372
155.352448
155.746704
156.515472
153.775467
153.509354
142.204376
144.18544
146.225662
147.585815
147.37883
145.299194
144.68811
144.234726
144.84581
146.64946
145.614578
146.353806
147.792786
150.148407
