33.849892
34.024105
34.058949
34.18961
34.294136
34.250004
34.046978
33.632088
33.623268
33.429066
33.570297
33.879261
34.002838
34.461864
34.099945
33.985188
33.764503
34.055801
32.705223
33.040661
33.208382
32.625774
33.217205
33.376102
33.93222
33.941051
33.843952
33.693882
33.579132
33.817463
33.764503
33.773323
33.93222
34.082291
34.029316
33.587955
32.970047
32.749359
31.540018
31.089823
32.819981
32.043175
33.702709
32.819981
32.687569
30.621977
31.645945
30.471909
27.655994
30.427774
28.079704
29.783381
28.997747
27.497103
25.113728
23.630737
24.795946
25.069592
27.011602
26.340727
26.684992
25.731638
24.760635
25.387373
24.239822
25.987633
26.55258
26.849007
27.603544
27.118484
27.962849
27.028662
27.091537
28.052673
27.82811
26.831041
26.471735
26.498684
26.687319
27.432875
27.531681
28.232327
27.369997
26.857988
26.588512
26.71427
25.860922
25.950747
26.759182
26.390892
25.950747
25.232138
25.672285
25.429754
26.453773
26.013624
26.579529
26.741215
26.840025
27.684387
28.609598
27.899971
27.720318
27.783197
27.837093
28.30419
28.564684
29.435999
29.849195
29.301256
28.870092
27.100519
27.396944
27.396944
27.64846
27.181364
27.262207
27.226274
27.046623
27.17238
26.426823
26.696302
26.121414
26.86697
27.154417
26.857988
27.019676
27.387962
27.23526
27.361015
26.99547
27.534647
27.196518
27.37929
27.424986
27.772251
27.644312
27.278767
27.644312
27.562065
27.324459
27.022886
26.767004
27.132549
27.013746
27.022886
27.032024
27.068579
27.424986
27.278767
27.269629
27.434124
27.598621
27.598621
27.580341
27.333597
27.424986
27.278767
27.223936
27.169104
27.114273
27.132549
27.443262
27.324459
27.406708
27.324459
27.452402
27.242212
26.931498
27.141687
27.041162
26.885805
26.968056
26.840115
26.419737
26.501984
26.629925
26.611647
26.72131
26.565952
26.438013
26.163857
26.054193
25.46932
25.62468
25.62468
25.935389
25.862282
26.054193
26.035915
26.209551
26.200411
26.236963
26.319212
26.626333
26.356438
26.179613
25.82596
25.583986
25.546761
25.435081
25.016281
24.9046
24.867374
26.319214
25.891106
25.481615
25.053509
24.662628
24.9046
25.146576
25.444387
25.556065
25.165188
25.6026
25.537455
26.337826
26.849693
26.738012
26.468121
26.905533
26.96137
27.017212
26.635641
26.319214
26.356438
26.635641
27.203344
26.979984
27.017212
26.756626
26.868305
27.073051
27.203344
27.491852
27.584917
28.673796
29.278728
28.562115
28.85993
28.431822
28.459742
28.189854
27.566303
27.361557
26.998596
26.430893
26.756626
26.700787
26.570492
26.561188
26.514652
26.765934
