74.096458
73.376091
73.960762
73.612915
74.797081
76.385826
76.558525
78.194145
77.138268
76.807701
77.769821
78.630806
78.097939
78.376709
78.754166
78.527191
76.218079
78.374237
80.014786
79.898849
76.356224
76.14653
78.660393
79.301842
80.229424
79.138893
79.514763
79.035034
80.911934
80.335754
80.355545
78.884193
80.026649
79.20565
77.412827
73.735687
71.238098
72.36821
67.637627
67.598061
73.891487
71.544739
74.863312
72.434982
71.47303
65.820076
70.560539
68.10994
61.383774
68.738045
59.895103
62.528702
60.998001
60.530628
56.687813
55.483528
61.049931
60.713623
63.908558
61.2626
63.010906
62.88232
59.573635
60.567726
59.697277
64.905121
64.153358
65.795357
66.270134
67.570862
70.983398
70.335526
70.894386
69.932449
68.480873
66.364105
68.27562
68.011032
69.974472
70.023941
68.888893
71.151558
72.65258
71.482918
72.494324
73.582375
74.341553
75.110611
76.898369
78.108391
77.215752
76.283447
76.752075
76.298309
78.095985
77.644707
79.154755
78.564629
79.070457
78.534866
78.877045
78.911758
78.8349
79.804398
80.173836
80.615211
79.920937
82.197166
82.683159
85.294136
87.488525
83.28817
84.00724
85.046165
87.300087
87.178596
87.21331
86.714912
88.983704
90.883041
89.278763
90.463997
87.684425
89.705246
90.454071
90.28299
90.28299
92.698067
92.410446
94.562691
94.969337
95.13546
94.696587
96.263672
96.925713
95.73304
95.539642
97.553032
96.206642
96.476906
92.085609
91.857506
94.034546
92.489792
94.262672
95.403259
105.390907
108.046501
108.768044
109.1623
112.970894
110.40242
112.007095
108.67601
112.287788
114.275002
114.173157
113.875069
114.823975
114.96804
117.519135
123.575188
125.053177
124.027275
125.713936
124.21109
124.009895
128.215332
133.322495
130.560242
120.107483
120.186974
112.099007
116.570236
112.764717
111.284241
114.622772
114.801613
111.413399
109.634842
106.157211
109.376511
111.095459
106.435432
107.528397
111.562447
114.225327
113.360886
115.069885
116.043633
112.297722
115.755478
112.436829
114.344551
114.23526
116.222481
123.604996
120.326088
120.415504
119.938568
118.259369
115.238815
116.759026
116.123116
115.010277
114.30481
114.314743
115.854843
110.489349
114.583015
108.164307
108.074883
109.734207
114.215385
118.26931
118.134949
115.776024
115.427673
118.931206
118.652519
118.702286
119.737419
118.831673
117.478027
118.085175
116.791252
113.317589
114.631409
115.487381
116.044762
118.493263
122.146103
122.504417
122.365074
121.678291
123.17128
123.798332
121.210495
122.663666
121.837555
121.210495
127.281975
127.212296
128.098129
126.06768
127.630333
131.26326
130.347565
131.352844
136.050781
134.239273
133.094666
132.069473
