334.429993
331.809998
333.709991
333.390015
337.869995
340.450012
339.809998
345.630005
344.630005
342.940002
345.380005
349.73999
350
350.059998
351.76001
351.369995
346.899994
354.630005
351.660004
356.73999
351.140015
358
366.73999
365.549988
367.459991
366.089996
370
369.279999
374.290009
374.839996
379.670013
378.850006
383.279999
378.959991
372.950012
357.410004
347.799988
351.339996
337.519989
345.119995
360.279999
348.339996
363.850006
351.029999
336.769989
305.790009
332.380005
315.230011
285
335.5
286.029999
311.809998
294.609985
307.51001
295.339996
307.269989
310
305.910004
322.670013
305.829987
318.390015
318.23999
301.209991
303.959991
293.609985
319.130005
308.929993
317.179993
318.700012
320.649994
340.769989
332.549988
342.700012
344.109985
344.880005
328.98999
336.769989
335.369995
344.100006
348.5
333.450012
349.170013
353.640015
343.839996
349.109985
356.130005
362.519989
366.779999
367.51001
371.420013
365.100006
358.559998
355.390015
365.299988
367.970001
372.200012
383.630005
382.170013
385.26001
376.630005
375.170013
379.829987
386.600006
389.679993
390.440002
389.920013
385.799988
392.899994
397.779999
397.160004
406.820007
387.670013
406.540009
401.339996
411.670013
413.48999
420.459991
428.01001
438.640015
440.549988
431.679993
436.950012
426.920013
424.200012
435.309998
439.809998
442.950012
452.589996
449.359985
457.679993
460.839996
466.200012
442.470001
433.779999
433.01001
426.290009
432.420013
455.269989
444.279999
445.049988
431.73999
430.309998
437.100006
432.26001
436.299988
438.880005
444.320007
447.970001
446.920013
449.51001
464.109985
449.570007
443.290009
435.230011
445.359985
450.019989
447.600006
451.579987
463.51001
462.01001
478.480011
473.220001
476.299988
484.429993
528.48999
510.320007
516.440002
513.390015
527.950012
533.799988
507.799988
491.940002
462.130005
479.459991
476.26001
471.350006
485.910004
497.670013
476
474.299988
467.549988
475.640015
486.779999
470.390015
467.670013
479.779999
488.51001
489.329987
490.429993
499.51001
478.98999
486.470001
478.980011
493.149994
490.839996
502.160004
510.890015
514.309998
506.309998
501.149994
502.820007
495.200012
494.579987
495.959991
483.600006
488.5
475.200012
478.559998
456.970001
461.109985
447.100006
444.940002
454.019989
487.230011
496.470001
494.630005
471.140015
452
467.75
462.579987
469.339996
460.950012
467.950012
459.470001
466.410004
462.920013
460.609985
462.700012
470.079987
477.029999
478.470001
479.149994
481.26001
484.279999
486
492.25
495.279999
483.73999
476.869995
475.910004
486.420013
482.640015
489.899994
495.359985
502.950012
498.390015
504.170013
496.910004
499.859985
498.950012
502.109985
497.450012
500.119995
