21.040001
21.5
22.690001
22.65
22.610001
23.65
24.190001
24.559999
24.290001
24.91
24.969999
24.110001
24.290001
24.870001
25.780001
25.209999
24.59
25.030001
24.809999
24.690001
24.219999
23.870001
24.67
24.709999
24.690001
24.75
24.07
24.780001
24.610001
24.950001
25.059999
24.77
25
25.424999
26.860001
26.959999
24.5
23.65
21.99
21.09
20.379999
19.82
20.139999
18.98
17.77
14.97
14.25
12.29
11.52
12.71
9.78
10.64
9.01
9.16
8.31
7.98
9.39
9.76
10.49
10.53
10.26
9.94
9.23
8.77
8.54
9.35
9.6
10.75
11.72
14.05
15.55
14.99
14.53
14.32
14.29
14.21
14.47
14.69
16.389999
17.530001
17.68
19.34
19.450001
17.43
18.209999
19.219999
18.82
20.200001
20.82
20.08
20.690001
20
20.559999
22.280001
23.26
24.17
24.91
24.459999
25.01
25.43
25.129999
24.4
25.32
28.6
28.27
31.139999
29.059999
32.189999
31.190001
29.959999
30.75
27.889999
31.08
28.57
30.959999
30.370001
32.25
30.059999
31.889999
31.110001
30.52
31.65
30.9
31.450001
32.169998
33.630001
35.610001
36.009998
36.549999
37.990002
37.970001
35.630001
33.330002
33.84
34.080002
33.099998
33.5
34.849998
34.25
34.290001
32.310001
31.43
32.57
31.450001
32.450001
32.549999
32.18
32.369999
31.83
32.529999
31.4
30.99
29.889999
30.59
33.459999
35.84
35.669998
35.639999
36.470001
36.779999
38.869999
37.400002
37.389999
38
38.59
38.27
39.009998
40.720001
44.669998
44.529999
37.279999
40.279999
38.299999
39.959999
39.549999
39.52
38.759998
38.869999
37.950001
37.299999
36.580002
37.560001
38.549999
36.27
36.110001
37.57
38.77
39.110001
38.330002
39.860001
38.009998
37.310001
37.950001
38.810001
38.59
41.299999
41.240002
41.580002
40.790001
40.830002
38.880001
38.330002
37.84
35.189999
35.52
36.060001
34.959999
35.110001
33.619999
33.950001
31.77
33.139999
34.389999
36.18
38.110001
37
34.459999
31.74
31.99
33.110001
34.299999
33.93
34.799999
34.919998
35.77
35.849998
36.41
35.48
37.709999
37.990002
37.990002
37.669998
36.91
38.259998
44.889999
45.389999
44.57
43.52
45.27
46.700001
56.43
56.380001
60.459999
66.989998
66.260002
67.57
71.589996
69.43
67.260002
67.620003
64.900002
64.559998
63.77
