59.833767
58.876064
59.122974
59.838753
59.950989
60.609402
60.933624
62.84404
61.671856
61.245377
62.083366
62.17065
61.836456
62.377659
63.063511
62.469933
59.906094
61.843937
61.237892
61.305233
58.965851
59.938515
61.634445
62.539761
63.410175
62.746761
65.584953
66.812012
67.971718
67.532761
72.27388
73.964828
78.48645
76.990051
73.341331
68.156281
65.355499
66.752144
63.03635
67.395988
68.983124
66.352867
70.999496
68.199539
66.390297
61.249569
65.152519
61.506603
53.980171
60.101635
49.011631
54.219746
50.613747
53.146679
51.344925
53.076801
62.182888
61.294483
64.194252
63.068787
66.277992
65.781403
60.658131
63.752552
60.86776
66.97924
64.640945
66.617393
65.619186
67.341072
70.859741
70.083641
73.542412
72.948471
71.633339
67.256241
71.408752
70.874718
72.267189
74.13633
72.7089
74.480713
72.938492
70.567764
72.691437
73.302818
74.313522
76.08033
77.98439
80.50985
77.884575
77.659981
80.160469
84.754684
87.345009
87.896523
89.538559
87.594574
90.100052
87.020599
85.099075
84.717262
88.595268
87.904007
88.093681
87.53717
87.547157
89.080093
87.931656
90.338402
93.541595
87.844261
89.204918
91.614197
90.563103
92.235847
92.056091
92.488007
95.139435
94.372971
92.230858
94.772438
91.426941
91.876335
94.849838
95.171898
95.993294
98.260239
98.584801
102.022675
104.948738
104.651634
100.387383
103.630508
102.135025
101.211281
101.877869
104.966217
103.146172
104.247177
101.161339
101.807976
104.074913
102.017677
104.514328
105.997322
106.004822
109.954498
112.126572
112.715782
113.202637
111.84446
111.499931
108.354149
114.248711
114.276176
115.484543
123.204163
122.44268
121.22184
121.246803
126.664505
127.031509
127.328606
127.558304
126.112747
131.300751
133.565216
138.065506
143.315018
130.018936
126.09304
119.005455
127.017082
122.988792
121.51783
128.587952
129.7742
125.014175
124.504707
121.765068
125.041641
126.245384
121.110756
123.350914
128.602921
130.21373
132.119247
135.163544
136.00267
130.485947
136.282364
137.22139
139.494019
138.242813
137.483612
142.111282
142.333542
140.805145
139.55394
137.970627
134.83638
136.312363
135.10611
133.470322
135.760422
131.275116
133.827454
126.137993
130.103851
125.208961
125.675987
130.058899
137.798294
141.451965
145.467758
136.164993
127.566498
134.039719
134.426819
132.830994
135.0112
134.082184
134.147125
134.261993
130.740677
131.262634
129.442032
132.209137
132.473862
133.874893
133.76001
135.303406
133.859497
135.480774
135.965424
133.399826
129.210464
129.625168
130.034866
132.98764
133.504745
132.325653
133.312408
132.620407
133.222473
132.682877
129.994904
129.840012
128.903198
129.335388
131.358871
130.452057
